# newest software version
baidunetdisk_ver=4.17.7

dingtalk_ver=1.4.0.20422

linuxqq_link_token=2355235c
linuxqq_ver=3.1.1-11223

wps_ver=11.1.0.11664
wps_sub_ver=11664

flameshot_ver=12.1.0

sougoupinyin_ver=4.2.1.145

qqmusic_ver=1.1.5

sunlogin_ver=11.0.1.44968

feishu_link_token=399c2025
feishu_ver=5.30.15

xDroid_ver=9.0.15