# newest software version
baidunetdisk_ver=4.11.5
dingtalk_ver=1.4.0.20422
linuxqq_ver=2.0.0-b2-1089
xDroid_ver=9.0.15
wps_ver=11.1.0.11664
wps_sub_ver=11664
flameshot_ver=12.1.0
sougoupinyin_ver=4.0.1.2123
qqmusic_ver=1.1.4
sunlogin_ver=11.0.0.36662
feishu_ver=beta_5.2.0-24