# newest software version
dingtalk_ver=1.3.0.20214
linuxqq_ver=2.0.0-b2-1089
xDroid_ver=7.1021
wps_ver=11.1.0.10920
wps_sub_ver=10920